99898739
99898762
99898803
99898834
99898842
99898910
99899183
99899218
99899369
99899371
99899378
99899381
99899414
99899421
99899434
99899518
99899575
99899587
99899637
99899692
99899710
99899738
99899741
99899918
99899963
99899999
99900003
99900242
99900289
99900349
99900377
99900403
99900403
99900420
99900501
99900577
99900764
99900805
99900826
99900898
99900966
99900993
99901173
99901284
99901301
99901312
99901312
99901407
99901445
99901491
99901841
99901989
99902173
99902182
99902215
99902249
99902286
99902335
99902473
99902497
99902538
99902552
99902557
99902571
99902577
99902621
99902786
99902799
99902824
99902873
99902946
99903140
99903241
99903348
99903571
99903611
99903632
99903658
99903736
99903773
99903773
99903791
99903825
99903840
99903848
99903992
99904014
99904027
99904083
99904090
99904150
99904215
99904264
99904267
99904282
99904366
99904430
99904452
99904460
99904525
99904526
99904529
99904543
99904626
99904707
99904715
99904741
99904797
99904866
99904869
99904885
99904949
99904972
99904991
99905057
99905069
99905090
99905221
99905271
99905311
99905315
99905335
99905335
99905364
99905368
99905373
99905381
99905459
99905532
99905540
99905617
99905655
99905699
99905710
99905735
99905743
99905779
99905818
99905833
99905842
99905886
99905946
99905951
99906004
99906016
99906155
99906167
99906249
99906299
99906354
99906367
99906450
99906477
99906543
99906566
99906594
99906598
99906634
99906642
99906704
99906768
99906802
99906814
99906855
99906856
99906865
99906902
99906921
99906924
99906968
99906989
99907078
99907101
99907112
99907142
99907155
99907163
99907167
99907173
99907174
99907206
99907251
99907270
99907272
99907330
99907390
99907443
99907518
99907530
99907551
99907572
99907611
99907620
99907624
99907660
99907691
99907698
99907700
99907728
99907757
99907766
99907806
99907819
99907866
99907868
99907996
99908005
99908016
99908093
99908103
99908204
99908263
99908283
99908297
99908371
99908390
99908405
99908410
99908448
99908514
99908554
99908563
99908602
99908621
99908624
99908624
99908675
99908696
99908760
99908778
99908795
99908802
99908829
99908892
99908894
99908895
99908908
99908911
99908960
99908976
99908990
99909038
99909113
99909177
99909214
99909462
99909480
99909593
99909620
99909639
99909670
99909674
99909711
99909727
99909736
99909747
99909749
99909788
99909803
99909825
99909842
99909900
99909904
99909907
99909939
99909943
99909946
99910042
99910066
99910068
99910083
99910093
99910157
99910181
99910226
99910243
99910253
99910258
99910268
99910271
99910287
99910304
99910311
99910322
99910349
99910377
99910378
99910379
99910391
99910409
99910427
99910479
99910481
99910503
99910537
99910570
99910588
99910595
99910622
99910672
99910681
99910735
99910837
99910941
99910943
99910948
99911071
99911153
99911158
99911271
99911342
99911415
99911501
99911586
99911586
99911593
99911623
99911697
99911720
99911739
99911762
99911935
99911968
99912017
99912019
99912054
99912094
99912122
99912142
99912177
99912219
99912241
99912261
99912292
99912325
99912330
99912392
99912421
99912446
99912503
99912518
99912526
99912529
99912630
99912646
99912647
99912680
99912684
99912710
99912730
99912747
99912843
99912907
99912945
99913052
99913129
99913139
99913152
99913156
99913188
99913204
99913204
99913237
99913271
99913271
99913327
99913328
99913328
99913376
99913391
99913422
99913485
99913498
99913589
99913656
99913677
99913743
99913805
99913815
99913858
99913865
99913873
99913960
99913992
99914032
99914035
99914048
99914055
99914094
99914148
99914187
99914226
99914237
99914245
99914282
99914284
99914301
99914402
99914474
99914500
99914509
99914569
99914572
99914582
99914665
99914671
99914683
99914710
99914838
99914842
99914855
99914866
99914894
99914904
99914934
99914938
99914978
99914996
99915060
99915067
99915128
99915139
99915140
99915157
99915198
99915209
99915212
99915231
99915259
99915292
99915296
99915353
99915372
99915392
99915418
99915444
99915463
99915495
99915526
99915547
99915679
99915707
99915750
99915791
99915830
99915838
99915870
99915883
99915921
99915947
99915966
99915999
99916019
99916041
99916058
99916059
99916078
99916104
99916125
99916150
99916173
99916199
99916211
99916214
99916217
99916227
99916231
99916296
99916351
99916379
99916391
99916405
99916411
99916414
99916431
99916461
99916488
99916516
99916530
99916556
99916569
99916576
99916581
99916626
99916680
99916754
99916758
99916798
99916856
99916864
99917034
99917052
99917165
99917180
99917219
99917237
99917296
99917350
99917358
99917403
99917403
99917482
99917505
99917507
99917565
99917632
99917697
99917708
99917714
99917752
99917790
99917809
99917831
99917966
99918005
99918027
99918031
99918051
99918060
99918081
99918091
99918120
99918198
99918239
99918266
99918267
99918327
99918472
99918487
99918512
99918590
99918595
99918694
99918742
99918824
99918853
99918884
99918908
99918993
99919010
99919063
99919070
99919126
99919128
99919137
99919194
99919261
99919477
99919478
99919489
99919499
99919536
99919552
99919562
99919579
99919594
99919613
99919696
99919714
99919718
99919754
99919785
99919854
99919915
99920047
99920050
99920056
99920074
99920081
99920138
99920172
99920186
99920188
99920212
99920220
99920260
99920290
99920321
99920322
99920381
99920393
99920492
99920524
99920544
99920552
99920566
99920579
99920584
99920632
99920707
99920715
99920736
99920846
99920859
99920864
99920864
99920893
99920920
99920939
99920944
99920947
99920947
99920965
99921024
99921179
99921196
99921204
99921311
99921322
99921328
99921330
99921352
99921390
99921406
99921440
99921552
99921559
99921588
99921668
99921759
99921759
99921762
99921787
99921824
99921827
99921848
99922017
99922030
99922112
99922127
99922132
99922217
99922227
99922239
99922271
99922310
99922355
99922402
99922425
99922430
99922438
99922500
99922534
99922550
99922703
99922717
99922738
99922747
99922778
99922780
99922884
99922940
99922965
99923039
99923042
99923060
99923063
99923069
99923120
99923120
99923170
99923174
99923188
99923230
99923262
99923283
99923293
99923301
99923404
99923421
99923427
99923432
99923446
99923450
99923458
99923563
99923565
99923608
99923618
99923641
99923642
99923689
99923750
99923789
99923856
99923885
99923986
99924053
99924101
99924117
99924123
99924178
99924180
99924181
99924211
99924214
99924218
99924223
99924235
99924296
99924373
99924395
99924398
99924451
99924473
99924473
99924489
99924506
99924577
99924579
99924585
99924708
99924713
99924724
99924760
99924802
99924830
99924831
99924868
99924868
99924885
99924893
99924947
99924996
99924996
99924998
99925011
99925031
99925159
99925165
99925194
99925212
99925273
99925304
99925363
99925405
99925415
99925436
99925453
99925461
99925512
99925524
99925623
99925650
99925668
99925678
99925685
99925754
99925804
99925816
99925825
99925858
99925868
99925910
99925925
99925935
99925951
99926014
99926026
99926039
99926090
99926160
99926188
99926274
99926296
99926329
99926367
99926375
99926376
99926378
99926444
99926455
99926504
99926512
99926520
99926594
99926619
99926642
99926672
99926682
99926712
99926721
99926727
99926758
99926811
99926820
99926856
99926866
99926882
99926929
99926929
99926930
99926957
99926986
99927046
99927079
99927084
99927100
99927210
99927214
99927271
99927280
99927314
99927370
99927402
99927482
99927493
99927558
99927562
99927605
99927619
99927626
99927661
99927674
99927706
99927724
99927777
99927796
99927820
99927858
99927862
99927885
99927885
99928042
99928099
99928107
99928136
99928139
99928268
99928338
99928343
99928356
99928378
99928386
99928391
99928401
99928433
99928519
99928619
99928658
99928682
99928696
99928721
99928731
99928777
99928818
99928875
99928934
99928951
99928963
99928983
99928990
99929186
99929200
99929202
99929207
99929217
99929335
99929336
99929344
99929394
99929427
99929464
99929478
99929479
99929483
99929496
99929540
99929570
99929582
99929586
99929706
99929719
99929722
99929726
99929802
99929815
99929818
99929865
99929869
99929962
99929975
99930022
99930031
99930102
99930113
99930132
99930163
99930219
99930282
99930294
99930297
99930357
99930365
99930377
99930489
99930506
99930514
99930538
99930563
99930569
99930597
99930621
99930660
99930705
99930735
99930769
99930789
99930793
99930806
99930811
99930821
99930833
99930851
99930926
99930964
99930981
99930981
99930982
99930984
99931023
99931047
99931113
99931188
99931200
99931212
99931243
99931247
99931263
99931280
99931363
99931403
99931483
99931483
99931498
99931513
99931551
99931559
99931609
99931646
99931651
99931660
99931667
99931709
99931754
99931852
99931983
99931999
99932029
99932041
99932079
99932131
99932185
99932238
99932263
99932276
99932309
99932333
99932351
99932363
99932432
99932546
99932634
99932659
99932703
99932731
99932733
99932740
99932786
99932789
99932796
99932821
99932976
99932992
99933055
99933120
99933196
99933217
99933229
99933255
99933274
99933276
99933285
99933359
99933389
99933489
99933506
99933550
99933599
99933635
99933727
99933734
99933769
99933815
99933824
99933826
99933845
99933901
99933949
99934028
99934044
99934076
99934078
99934104
99934160
99934169
99934195
99934203
99934205
99934254
99934269
99934277
99934322
99934354
99934374
99934451
99934472
99934501
99934562
99934651
99934657
99934804
99934820
99934860
99934917
99934925
99935002
99935036
99935063
99935100
99935101
99935128
99935142
99935154
99935188
99935195
99935208
99935220
99935259
99935264
99935274
99935280
99935398
99935420
99935421
99935436
99935452
99935458
99935477
99935508
99935555
99935571
99935572
99935574
99935602
99935665
99935678
99935712
99935734
99935766
99935769
99935772
99935832
99935842
99935881
99935907
99935959
99935986
99935987
99935994
99935998
99936013
99936026
99936055
99936068
99936071
99936145
99936194
99936230
99936241
99936261
99936319
99936410
99936503
99936568
99936609
99936616
99936625
99936636
99936676
99936688
99936692
99936738
99936738
99936757
99936866
99936910
99936916
99936922
99936969
99937009
99937012
99937045
99937046
99937074
99937092
99937110
99937164
99937176
99937237
99937286
99937319
99937361
99937383
99937413
99937430
99937446
99937448
99937513
99937516
99937530
99937562
99937573
99937590
99937623
99937628
99937661
99937705
99937750
99937758
99937782
99937820
99937878
99937883
99937910
99937949
99938130
99938148
99938181
99938239
99938258
99938337
99938362
99938380
99938386
99938403
99938467
99938492
99938499
99938513
99938533
99938540
99938554
99938567
99938625
99938676
99938687
99938690
99938720
99938721
99938727
99938748
99938798
99938799
99938816
99938827
99938855
99938868
99938887
99938893
99938964
99939023
99939026
99939036
99939072
99939080
99939090
99939092
99939119
99939146
99939169
99939305
99939317
99939403
99939424
99939443
99939449
99939471
99939488
99939535
99939545
99939565
99939641
99939659
99939688
99939693
99939695
99939703
99939738
99939769
99939777
99939778
99939786
99939845
99939905
99939959
99939971
99939978
99940068
99940083
99940186
99940205
99940267
99940290
99940291
99940340
99940380
99940394
99940417
99940442
99940513
99940523
99940601
99940687
99940784
99940812
99940828
99940851
99940864
99940898
99940906
99940930
99940976
99940997
99941017
99941026
99941090
99941097
99941164
99941240
99941259
99941275
99941284
99941367
99941397
99941485
99941495
99941554
99941633
99941659
99941694
99941744
99941805
99941824
99941916
99941956
99942039
99942063
99942065
99942077
99942147
99942153
99942155
99942189
99942219
99942233
99942354
99942356
99942386
99942397
99942445
99942488
99942493
99942556
99942558
99942563
99942589
99942608
99942733
99942737
99942765
99942799
99942971
99943060
99943065
99943121
99943195
99943315
99943339
99943386
99943411
99943426
99943507
99943512
99943526
99943571
99943583
99943585
99943614
99943645
99943745
99943747
99943792
99943799
99943819
99943823
99943838
99943845
99943853
99943909
99943952
99943970
99943987
99943990
99944013
99944025
99944036
99944059
99944078
99944098
99944154
99944185
99944243
99944296
99944299
99944304
99944355
99944360
99944393
99944450
99944472
99944496
99944550
99944570
99944591
99944646
99944758
99944794
99944875
99944886
99944925
99944938
99944991
99945027
99945103
99945104
99945145
99945178
99945201
99945225
99945297
99945320
99945326
99945330
99945352
99945367
99945399
99945400
99945403
99945423
99945432
99945522
99945548
99945551
99945552
99945598
99945604
99945627
99945666
99945686
99945691
99945742
99945752
99945778
99945815
99945910
99945919
99945934
99945937
99945975
99945980
99946057
99946092
99946116
99946119
99946122
99946134
99946160
99946184
99946187
99946207
99946251
99946261
99946273
99946302
99946312
99946335
99946348
99946349
99946367
99946411
99946431
99946456
99946466
99946496
99946516
99946551
99946596
99946608
99946612
99946717
99946727
99946748
99946755
99946782
99946804
99946856
99946872
99946917
99947041
99947073
99947187
99947208
99947276
99947302
99947325
99947332
99947342
99947353
99947381
99947395
99947444
99947452
99947518
99947583
99947590
99947728
99947737
99947742
99947760
99947785
99947840
99947858
99947866
99947891
99947909
99947916
99947923
99947949
99947952
99948014
99948016
99948027
99948029
99948037
99948055
99948084
99948098
99948121
99948157
99948222
99948291
99948292
99948334
99948346
99948362
99948390
99948452
99948475
99948485
99948500
99948516
99948605
99948627
99948649
99948714
99948797
99948815
99948904
99948906
99949000
99949030
99949050
99949098
99949116
99949149
99949166
99949175
99949213
99949240
99949264
99949327
99949372
99949393
99949401
99949452
99949514
99949530
99949533
99949534
99949555
99949602
99949603
99949638
99949664
99949664
99949700
99949701
99949706
99949760
99949822
99949865
99949899
99949935
99949940
99949941
99950032
99950043
99950068
99950078
99950085
99950115
99950122
99950143
99950184
99950240
99950306
99950354
99950384
99950384
99950395
99950417
99950426
99950441
99950454
99950483
99950524
99950533
99950596
99950613
99950645
99950707
99950798
99950884
99950891
99951010
99951030
99951036
99951066
99951068
99951069
99951084
99951107
99951108
99951127
99951198
99951222
99951232
99951246
99951259
99951306
99951446
99951482
99951522
99951552
99951558
99951565
99951578
99951624
99951647
99951665
99951738
99951741
99951783
99951784
99951812
99951843
99951953
99951961
99951992
99952034
99952062
99952066
99952088
99952093
99952148
99952149
99952236
99952263
99952312
99952355
99952368
99952376
99952382
99952393
99952403
99952441
99952470
99952526
99952536
99952544
99952544
99952554
99952564
99952571
99952595
99952637
99952707
99952735
99952747
99952804
99952827
99952832
99952846
99952868
99952872
99952900
99952916
99952941
99952966
99952989
99953032
99953100
99953102
99953111
99953112
99953158
99953218
99953233
99953287
99953291
99953339
99953406
99953432
99953510
99953519
99953520
99953535
99953571
99953573
99953607
99953720
99953739
99953814
99953829
99953850
99953897
99953976
99954046
99954131
99954157
99954171
99954177
99954240
99954251
99954286
99954308
99954315
99954315
99954334
99954385
99954421
99954438
99954505
99954579
99954637
99954646
99954680
99954699
99954717
99954726
99954783
99954794
99954842
99954861
99954862
99954887
99954891
99954909
99954933
99954935
99954948
99954961
99955027
99955114
99955139
99955153
99955161
99955169
99955185
99955232
99955238
99955254
99955254
99955272
99955353
99955355
99955360
99955430
99955456
99955481
99955520
99955529
99955570
99955598
99955600
99955631
99955645
99955672
99955716
99955719
99955763
99955803
99955847
99955873
99955919
99955924
99955981
99956017
99956038
99956059
99956068
99956079
99956087
99956139
99956167
99956233
99956256
99956346
99956364
99956369
99956425
99956509
99956512
99956575
99956591
99956647
99956684
99956691
99956704
99956711
99956769
99956809
99956829
99956830
99956911
99956940
99956964
99956996
99957000
99957003
99957010
99957012
99957024
99957051
99957077
99957093
99957102
99957118
99957139
99957182
99957209
99957212
99957226
99957232
99957288
99957335
99957344
99957588
99957647
99957667
99957674
99957745
99957804
99957852
99957890
99957899
99957932
99958004
99958160
99958177
99958206
99958236
99958241
99958257
99958312
99958406
99958417
99958431
99958478
99958623
99958691
99958735
99958775
99958781
99958868
99958887
99958889
99958980
99959036
99959091
99959112
99959154
99959189
99959223
99959282
99959346
99959358
99959386
99959400
99959407
99959421
99959447
99959471
99959531
99959544
99959597
99959660
99959712
99959735
99959739
99959837
99959862
99959975
99960082
99960086
99960095
99960101
99960141
99960151
99960164
99960217
99960223
99960243
99960246
99960253
99960269
99960290
99960292
99960338
99960442
99960444
99960473
99960491
99960509
99960512
99960536
99960538
99960547
99960570
99960641
99960687
99960720
99960728
99960739
99960763
99960769
99960868
99960915
99960933
99960952
99961006
99961051
99961151
99961220
99961224
99961228
99961235
99961272
99961278
99961281
99961307
99961309
99961390
99961406
99961430
99961447
99961574
99961589
99961606
99961623
99961685
99961709
99961772
99961826
99961852
99961860
99961865
99961869
99961930
99961962
99961973
99962001
99962015
99962051
99962185
99962235
99962260
99962271
99962298
99962330
99962465
99962480
99962492
99962522
99962533
99962535
99962580
99962592
99962636
99962645
99962671
99962684
99962713
99962726
99962743
99962759
99962793
99962807
99962849
99962850
99962919
99962983
99963020
99963027
99963068
99963074
99963085
99963118
99963176
99963192
99963194
99963258
99963303
99963350
99963372
99963418
99963434
99963442
99963548
99963553
99963588
99963606
99963641
99963670
99963673
99963675
99963710
99963733
99963788
99963806
99963807
99963821
99963905
99963934
99963975
99964010
99964048
99964145
99964185
99964237
99964329
99964418
99964460
99964468
99964489
99964497
99964560
99964565
99964600
99964678
99964680
99964825
99964906
99964945
99964949
99965051
99965062
99965084
99965110
99965165
99965187
99965214
99965219
99965309
99965359
99965370
99965430
99965511
99965539
99965590
99965661
99965702
99965780
99965804
99965808
99965816
99965886
99965918
99965923
99965946
99965976
99966061
99966083
99966173
99966204
99966254
99966284
99966326
99966349
99966351
99966394
99966419
99966442
99966447
99966496
99966507
99966520
99966531
99966547
99966573
99966607
99966702
99966723
99966725
99966727
99966847
99966862
99966875
99966945
99966946
99966947
99966965
99966984
99967088
99967095
99967149
99967163
99967193
99967247
99967279
99967291
99967380
99967414
99967451
99967505
99967538
99967651
99967663
99967740
99967779
99967791
99967836
99967852
99967877
99967881
99967930
99967967
99968037
99968052
99968062
99968067
99968074
99968077
99968136
99968137
99968140
99968216
99968283
99968313
99968323
99968340
99968365
99968438
99968441
99968598
99968621
99968622
99968673
99968747
99968850
99968878
99968896
99968909
99968925
99968947
99968999
99969014
99969048
99969050
99969095
99969145
99969281
99969318
99969324
99969334
99969338
99969354
99969367
99969387
99969395
99969414
99969493
99969565
99969577
99969609
99969626
99969761
99969809
99969837
99969845
99969865
99969942
99969959
99969976
99970144
99970179
99970183
99970209
99970234
99970249
99970298
99970427
99970490
99970495
99970526
99970538
99970571
99970584
99970601
99970613
99970613
99970628
99970631
99970654
99970663
99970787
99970861
99970960
99971007
99971014
99971027
99971104
99971137
99971165
99971191
99971218
99971239
99971305
99971310
99971383
99971437
99971460
99971477
99971511
99971558
99971591
99971634
99971645
99971678
99971789
99971861
99971928
99971984
99972031
99972118
99972120
99972129
99972135
99972212
99972217
99972222
99972227
99972266
99972295
99972303
99972314
99972321
99972330
99972377
99972397
99972533
99972561
99972610
99972644
99972653
99972658
99972682
99972701
99972788
99972811
99972825
99972865
99972866
99972921
99972990
99973124
99973150
99973179
99973183
99973211
99973231
99973247
99973277
99973475
99973602
99973667
99973676
99973713
99973733
99973738
99973782
99973876
99973915
99973936
99973971
99974020
99974030
99974075
99974098
99974117
99974236
99974365
99974408
99974422
99974442
99974456
99974481
99974485
99974616
99974636
99974655
99974676
99974699
99974782
99974790
99974810
99974824
99974855
99974903
99974914
99974937
99974983
99975006
99975022
99975034
99975081
99975085
99975111
99975146
99975156
99975180
99975295
99975295
99975321
99975352
99975369
99975382
99975436
99975446
99975470
99975510
99975530
99975548
99975574
99975650
99975667
99975683
99975691
99975729
99975742
99975755
99975770
99975772
99975790
99975798
99975801
99975804
99975817
99975842
99975846
99975897
99976005
99976010
99976033
99976041
99976056
99976089
99976092
99976117
99976135
99976158
99976159
99976163
99976175
99976180
99976196
99976279
99976284
99976310
99976353
99976382
99976434
99976458
99976460
99976479
99976520
99976551
99976572
99976584
99976588
99976594
99976597
99976616
99976801
99976825
99976827
99976834
99976835
99976847
99976867
99976954
99977011
99977045
99977071
99977075
99977108
99977196
99977281
99977315
99977334
99977507
99977531
99977543
99977631
99977636
99977648
99977684
99977701
99977714
99977725
99977756
99977774
99977813
99977855
99977864
99977874
99977892
99977922
99977943
99978040
99978054
99978092
99978107
99978114
99978165
99978192
99978198
99978256
99978301
99978373
99978424
99978474
99978487
99978493
99978515
99978562
99978573
99978620
99978650
99978714
99978715
99978833
99978845
99978896
99978936
99978946
99978979
99979016
99979028
99979110
99979138
99979151
99979162
99979179
99979206
99979206
99979239
99979243
99979259
99979299
99979301
99979401
99979404
99979486
99979499
99979508
99979526
99979634
99979667
99979760
99979767
99979835
99979871
99979951
99979985
99979999
99980028
99980256
99980290
99980294
99980295
99980319
99980370
99980427
99980520
99980570
99980624
99980655
99980666
99980686
99980737
99980771
99980844
99980858
99980866
99980879
99980891
99980904
99980919
99980924
99980957
99980974
99980986
99981108
99981236
99981245
99981257
99981317
99981335
99981365
99981386
99981413
99981429
99981432
99981446
99981484
99981513
99981515
99981521
99981568
99981632
99981660
99981663
99981680
99981704
99981717
99981720
99981764
99981808
99981851
99981876
99981930
99981948
99982049
99982076
99982097
99982157
99982163
99982178
99982216
99982281
99982330
99982396
99982455
99982490
99982502
99982524
99982534
99982566
99982590
99982606
99982636
99982681
99982694
99982699
99982858
99982877
99982897
99982924
99982939
99982992
99983014
99983025
99983036
99983038
99983069
99983127
99983129
99983132
99983170
99983188
99983199
99983204
99983214
99983237
99983241
99983256
99983392
99983396
99983420
99983434
99983463
99983464
99983470
99983512
99983514
99983558
99983633
99983635
99983647
99983655
99983659
99983669
99983690
99983701
99983716
99983792
99983868
99983925
99983942
99983962
99983983
99984014
99984030
99984048
99984067
99984089
99984303
99984304
99984402
99984433
99984454
99984503
99984517
99984520
99984599
99984607
99984696
99984821
99984878
99984884
99984886
99984904
99984956
99984979
99984985
99985010
99985031
99985076
99985092
99985134
99985186
99985208
99985269
99985307
99985331
99985340
99985460
99985482
99985559
99985602
99985615
99985625
99985632
99985677
99985679
99985788
99985795
99985802
99985811
99985920
99985939
99985948
99985976
99986007
99986010
99986049
99986072
99986128
99986138
99986169
99986188
99986203
99986294
99986306
99986308
99986321
99986324
99986382
99986406
99986423
99986475
99986529
99986533
99986570
99986589
99986590
99986660
99986699
99986703
99986775
99986813
99986843
99986942
99986972
99986998
99987006
99987071
99987080
99987106
99987229
99987330
99987360
99987381
99987404
99987444
99987523
99987533
99987551
99987626
99987676
99987770
99987836
99987888
99987926
99987965
99988055
99988071
99988134
99988141
99988146
99988157
99988262
99988265
99988336
99988359
99988426
99988429
99988501
99988578
99988619
99988651
99988679
99988690
99988691
99988771
99988776
99988834
99988869
99988991
99989003
99989043
99989082
99989106
99989107
99989160
99989192
99989193
99989203
99989213
99989312
99989324
99989403
99989406
99989437
99989491
99989491
99989520
99989537
99989617
99989628
99989629
99989650
99989653
99989739
99989757
99989765
99989769
99989832
99989871
99989895
99989910
99989984
99990028
99990109
99990121
99990149
99990171
99990183
99990212
99990230
99990242
99990243
99990351
99990355
99990391
99990485
99990511
99990523
99990569
99990605
99990690
99990691
99990695
99990721
99990765
99990771
99990773
99990804
99990809
99990812
99990815
99990840
99990982
99991058
99991154
99991156
99991170
99991197
99991207
99991226
99991294
99991318
99991324
99991344
99991389
99991390
99991392
99991433
99991510
99991558
99991712
99991744
99991752
99991779
99991811
99991812
99991873
99991950
99991963
99991979
99992096
99992104
99992111
99992155
99992165
99992185
99992266
99992388
99992423
99992440
99992473
99992475
99992476
99992485
99992545
99992554
99992557
99992558
99992637
99992651
99992687
99992696
99992696
99992710
99992717
99992739
99992739
99992771
99992790
99992882
99992910
99992934
99992944
99992991
99993006
99993013
99993076
99993077
99993103
99993125
99993157
99993233
99993290
99993301
99993305
99993337
99993340
99993438
99993442
99993463
99993464
99993496
99993543
99993547
99993587
99993650
99993754
99993771
99993806
99993887
99993905
99993949
99993965
99993965
99994049
99994080
99994082
99994099
99994112
99994123
99994127
99994150
99994171
99994183
99994192
99994214
99994313
99994326
99994354
99994454
99994480
99994525
99994533
99994533
99994602
99994620
99994628
99994629
99994672
99994683
99994696
99994732
99994753
99994866
99994961
99995001
99995020
99995046
99995047
99995069
99995088
99995095
99995101
99995118
99995172
99995242
99995257
99995264
99995330
99995371
99995393
99995414
99995430
99995474
99995529
99995550
99995573
99995606
99995612
99995651
99995772
99995796
99995819
99995831
99995853
99995854
99995862
99995891
99995964
99996016
99996032
99996087
99996144
99996160
99996197
99996205
99996227
99996229
99996242
99996243
99996281
99996291
99996303
99996315
99996368
99996490
99996552
99996569
99996573
99996593
99996696
99996727
99996732
99996777
99996865
99996921
99997005
99997038
99997116
99997182
99997225
99997243
99997366
99997369
99997389
99997407
99997489
99997523
99997617
99997630
99997644
99997652
99997653
99997724
99997800
99997839
99997864
99997884
99997897
99997907
99997925
99997954
99997970
99997999
99998177
99998198
99998204
99998220
99998238
99998243
99998247
99998269
99998273
99998276
99998295
99998347
99998371
99998464
99998517
99998541
99998564
99998590
99998596
99998602
99998611
99998673
99998682
99998748
99998770
99998802
99998879
99998924
99998934
99998939
99998953
99998962
99999041
99999051
99999058
99999109
99999112
99999143
99999156
99999212
99999252
99999365
99999371
99999388
99999460
99999479
99999480
99999490
99999527
99999541
99999579
99999618
99999651
99999746
99999760
99999762
99999801
99999803
99999817
99999864
99999878
99999935
99999942
99999942
