61
753
247
757
882
33
826
587
337
252
38
523
702
295
615
875
144
372
283
988
54
61
938
890
984
825
647
410
745
553
798
94
569
857
217
357
210
265
53
843
131
54
90
280
437
803
4
576
656
965
597
629
357
734
527
975
274
395
31
987
848
712
100
735
430
683
572
473
681
410
114
997
356
426
336
848
907
596
453
578
145
405
602
131
81
968
684
226
110
338
630
136
561
570
392
575
934
249
584
206
761
54
961
188
276
965
529
724
816
146
95
211
349
339
340
426
30
718
300
92
480
277
759
394
144
151
200
113
165
878
775
783
662
321
173
351
902
980
134
698
316
563
609
961
345
44
108
858
505
122
396
916
190
350
926
18
615
997
627
376
663
440
804
190
171
82
320
914
259
868
53
704
814
103
533
867
680
901
326
11
806
753
833
52
566
857
610
62
550
88
594
707
381
326
849
204
386
727
95
633
539
960
499
689
489
221
808
730
909
851
196
683
899
455
578
207
652
198
690
526
857
455
22
79
779
776
836
261
836
292
60
593
844
130
61
636
955
121
397
851
643
81
511
865
767
179
104
798
171
626
651
71
916
95
338
427
383
572
44
723
741
252
112
228
370
575
48
781
33
319
13
50
414
545
371
591
507
409
265
359
1001
113
670
72
31
484
856
348
365
604
897
211
653
248
984
836
612
15
99
567
337
790
117
623
202
755
846
81
877
72
374
487
681
346
524
265
572
378
94
763
939
632
665
338
63
549
646
351
759
287
574
207
319
974
570
798
130
903
850
294
462
55
112
196
450
933
866
731
246
649
335
726
985
324
16
555
600
917
87
559
68
122
724
749
222
443
627
193
141
944
401
178
608
413
775
45
484
795
239
129
768
259
750
648
548
469
78
180
488
603
76
342
619
600
708
714
916
728
131
870
473
871
642
556
681
266
344
124
226
745
607
834
572
454
351
111
3
844
926
709
772
772
512
662
790
917
504
939
899
719
20
665
801
938
3
553
950
354
50
209
876
216
847
63
156
629
790
277
428
451
295
700
597
30
109
279
484
152
218
962
422
305
713
646
170
222
599
534
172
427
705
778
902
641
129
371
934
611
466
306
445
300
523
634
667
91
136
620
488
959
462
672
594
389
271
325
818
63
927
482
378
44
807
465
107
403
225
25
227
275
421
598
683
316
658
364
926
88
220
572
786
122
83
993
532
176
43
886
967
63
819
992
747
734
179
394
118
319
275
13
362
119
723
310
312
46
700
591
943
660
951
706
836
2
771
492
682
728
877
477
437
860
466
834
535
244
208
663
555
697
430
897
471
639
748
344
956
651
244
60
633
884
243
510
129
947
172
203
815
202
436
465
937
987
637
959
692
11
316
152
290
277
38
880
904
56
310
360
413
446
102
242
128
914
276
515
557
371
383
898
54
796
945
722
785
543
129
157
998
375
701
725
994
926
442
886
409
150
46
214
654
656
435
365
674
883
868
222
762
505
42
866
873
229
205
668
166
612
710
315
933
908
193
768
991
826
228
914
517
404
637
489
99
311
847
539
811
956
200
590
108
494
226
657
639
303
47
291
643
461
587
157
142
838
477
305
540
566
344
744
665
619
305
24
21
402
153
743
468
286
66
333
940
369
351
683
87
56
562
512
730
507
497
654
626
73
660
12
60
466
878
534
40
321
569
309
698
689
947
755
789
573
386
395
806
219
77
148
330
563
782
139
768
438
375
693
612
392
525
691
705
422
545
452
284
791
336
542
946
19
449
685
488
633
7
210
894
825
176
674
534
941
330
668
970
157
753
755
573
532
75
249
882
172
694
522
632
114
732
624
332
185
620
923
105
701
884
552
354
327
995
87
698
57
278
936
103
133
892
107
472
358
727
644
317
56
308
572
720
967
651
377
682
20
869
837
190
832
524
278
857
348
16
10
413
616
52
112
553
968
320
817
304
624
981
663
987
202
236
948
641
165
516
654
236
695
946
21
74
690
805
838
817
966
822
336
29
118
762
364
116
986
205
939
718
614
617
822
143
974
576
592
23
467
175
154
969
336
407
829
495
530
100
10
396
210
166
546
217
529
478
339
19
812
52
594
898
880
385
736
373
894
285
47
991
497
434
99
237
302
566
957
206
565
212
482
232
722
618
561
318
892
821
822
61
385
99
65
957
20
969
178
344
722
223
397
372
60
748
419
598
888
397
150
369
67
550
147
151
860
325
178
753
565
382
524
675
960
23
844
681
45
572
575
838
702
87
532
788
257
442
54
894
835
356
3
509
473
10
987